0018
0151
0260
0319
0338
0346
0374
0383
0501
0510
0537
0546
0598
0603
0617
0624
0642
0665
0760
0774
0810
0827
0899
0967
1054
1091
1100
1173
1199
1202
1224
1324
1343
1353
1387
1415
1429
1454
1556
1596
1604
1635
1660
1694
1701
1748
1763
1772
1774
1781
1824
1833
1845
1863
1877
1936
1944
2067
2129
2270
2310
2321
2345
2367
2396
2459
2514
2530
2640
2680
2682
2693
2719
2769
2845
2851
2965
2989
3057
3100
3119
3123
3165
3186
3218
3303
3326
3364
3393
3396
3416
3421
3428
3430
3440
3486
3617
3714
3743
3797
3811
3818
3920
3924
3950
3984
3994
4101
4111
4254
4317
4428
4463
4480
4588
4665
4677
4679
4718
4767
4818
4826
4831
4851
4889
4891
5012
5073
5111
5131
5151
5206
5221
5255
5277
5305
5313
5315
5342
5344
5358
5383
5389
5392
5443
5448
5463
5492
5495
5544
5628
5637
5673
5682
5687
5693
5703
5728
5771
5803
5819
5824
5846
5898
5931
6001
6019
6029
6042
6072
6152
6164
6197
6211
6245
6257
6278
6280
6287
6315
6331
6336
6431
6432
6510
6619
6632
6656
6722
6828
6891
6952
6980
6985
6997
7059
7063
7116
7130
7154
7193
7203
7215
7251
7257
7318
7341
7345
7401
7440
7534
7535
7549
7596
7628
7647
7755
7803
7827
7845
7855
7861
7887
7889
7912
7913
7987
8034
8067
8072
8089
8094
8102
8122
8138
8176
8231
8232
8256
8295
8317
8378
8423
8479
8591
8640
8644
8739
8745
8758
8837
8845
8898
8926
8938
9016
9034
9085
9124
9127
9128
9189
9207
9274
9290
9356
9408
9439
9480
9524
9531
9539
9641
9672
9689
9707
9730
9742
