0003
0009
0052
0084
0109
0190
0247
0253
0266
0304
0316
0318
0320
0359
0362
0366
0512
0538
0555
0619
0656
0709
0718
0738
0750
0772
0813
0820
0918
0976
0978
0983
1033
1187
1198
1302
1320
1347
1350
1368
1396
1697
1768
1828
1948
2005
2031
2056
2083
2093
2103
2128
2326
2378
2413
2512
2536
2558
2563
2566
2569
2657
2662
2718
2734
2800
2852
2886
2906
2948
2951
2987
3030
3076
3077
3185
3281
3287
3306
3328
3414
3423
3436
3438
3532
3569
3598
3633
3645
3649
3657
3757
3759
3779
3795
3898
3909
3912
3934
3966
4029
4031
4035
4041
4046
4139
4189
4215
4320
4339
4343
4548
4611
4612
4652
4702
4739
4874
4943
5047
5086
5129
5238
5242
5279
5318
5542
5566
5608
5615
5718
5769
5862
5863
5971
6045
6050
6083
6084
6132
6191
6222
6332
6379
6403
6441
6482
6521
6527
6548
6564
6608
6687
6713
6777
6778
6785
6854
7049
7086
7089
7139
7241
7260
7275
7316
7494
7520
7546
7578
7639
7646
7662
7691
7793
7882
7898
7938
7974
7984
7996
8008
8013
8068
8076
8227
8251
8289
8291
8377
8472
8485
8662
8674
8701
8710
8725
8732
8786
8807
8878
8914
8958
9066
9082
9115
9157
9164
9173
9220
9232
9235
9394
9399
9400
9430
9460
9470
9478
9498
9529
9552
9684
9706
9722
9749
