5719
5571
7708
1488
5349
2281
7707
9335
9546
2113
3840
6719
1907
5798
9629
2040
3056
5397
9062
4985
8010
4671
9275
5818
7570
4912
3307
1807
2098
9638
8697
1358
1045
3768
6655
8288
5201
2695
0127
1074
2460
8425
1584
6293
1265
9038
6652
7329
0392
5825
3509
7141
1795
5508
6629
6675
4092
8285
1838
3468
4810
0620
0467
3072
2466
3154
2074
8343
5808
7022
2711
7364
5471
9610
3341
4116
1840
3773
7655
1813
6979
3312
4992
4005
1765
8335
4983
3880
4764
6856
0420
0475
5294
7081
1158
8695
2337
9320
0233
1039
4911
0650
0295
4290
1116
2248
1982
8597
4723
4960
9279
1317
0526
4426
9025
2596
6763
7693
0225
0763
5946
9305
8299
4449
4100
4585
1209
8901
8475
3039
5577
2130
4063
0252
3919
5901
5333
4961
4969
7212
7479
4684
3053
2246
9316
0990
8893
5722
5117
2841
1351
9407
0331
1590
8587
9261
6587
0958
5030
5253
1963
9045
8132
8249
5521
0042
0089
6126
5975
5660
4392
7821
1932
5232
7786
6096
8282
5559
9624
7591
4563
1422
2553
7732
4639
8464
0531
7954
8608
2964
6193
4361
3996
6606
4396
0604
8445
9662
0305
4444
